0 & 0 & 0.367,0.241,0.102,0.145,0.145 & 0
0 & 2 & 0.199,0.233,0.181,0.180,0.207 & 1
0 & 3 & 0.185,0.205,0.150,0.187,0.273 & 4
0 & 4 & 0.168,0.279,0.230,0.179,0.143 & 1
1 & 0 & 0.003,0.001,0.995,0.000,0.001 & 2
1 & 1 & 0.143,0.110,0.355,0.121,0.270 & 2
1 & 2 & 0.000,0.000,1.000,0.000,0.000 & 2
1 & 3 & 0.235,0.139,0.166,0.151,0.309 & 4
1 & 4 & 0.074,0.068,0.109,0.117,0.633 & 4
2 & 0 & 0.186,0.163,0.200,0.278,0.174 & 3
2 & 1 & 0.222,0.192,0.261,0.182,0.144 & 2
2 & 2 & 0.246,0.135,0.290,0.206,0.123 & 2
2 & 4 & 0.185,0.149,0.184,0.219,0.262 & 4
3 & 0 & 0.152,0.205,0.292,0.147,0.205 & 2
3 & 2 & 0.250,0.196,0.147,0.128,0.279 & 4
3 & 3 & 0.184,0.170,0.302,0.158,0.187 & 2
3 & 4 & 0.197,0.304,0.158,0.180,0.162 & 1
4 & 0 & 0.003,0.001,0.994,0.001,0.001 & 2
4 & 1 & 0.079,0.117,0.085,0.122,0.598 & 4
4 & 2 & 0.000,0.000,1.000,0.000,0.000 & 2
4 & 3 & 0.164,0.153,0.294,0.146,0.243 & 2
4 & 4 & 0.169,0.110,0.156,0.177,0.389 & 4
5 & 0 & 0.462,0.113,0.141,0.125,0.159 & 0
5 & 1 & 0.266,0.176,0.143,0.206,0.209 & 0
5 & 2 & 0.178,0.256,0.176,0.235,0.156 & 1
5 & 4 & 0.278,0.177,0.161,0.131,0.253 & 0
pos = 0, prev_action = 0, val = 5.56
pos = 0, prev_action = 2, val = 5.46
pos = 0, prev_action = 3, val = 5.51
pos = 0, prev_action = 4, val = 5.50
pos = 1, prev_action = 0, val = 6.63
pos = 1, prev_action = 1, val = 5.69
pos = 1, prev_action = 2, val = 6.66
pos = 1, prev_action = 3, val = 5.63
pos = 1, prev_action = 4, val = 5.69
pos = 2, prev_action = 0, val = 5.62
pos = 2, prev_action = 1, val = 5.53
pos = 2, prev_action = 2, val = 5.54
pos = 2, prev_action = 4, val = 5.58
pos = 3, prev_action = 0, val = 5.62
pos = 3, prev_action = 2, val = 5.54
pos = 3, prev_action = 3, val = 5.53
pos = 3, prev_action = 4, val = 5.56
pos = 4, prev_action = 0, val = 6.60
pos = 4, prev_action = 1, val = 5.74
pos = 4, prev_action = 2, val = 6.69
pos = 4, prev_action = 3, val = 5.61
pos = 4, prev_action = 4, val = 5.64
pos = 5, prev_action = 0, val = 5.64
pos = 5, prev_action = 1, val = 5.55
pos = 5, prev_action = 2, val = 5.51
pos = 5, prev_action = 4, val = 5.52