0 & 0 & 0.000,0.000,1.000,0.000,0.000 & 2
0 & 2 & 0.037,0.002,0.955,0.003,0.002 & 2
0 & 3 & 0.151,0.195,0.214,0.105,0.336 & 4
0 & 4 & 0.204,0.252,0.129,0.105,0.310 & 4
1 & 0 & 0.000,0.000,1.000,0.000,0.000 & 2
1 & 1 & 0.252,0.172,0.267,0.145,0.164 & 2
1 & 2 & 0.048,0.027,0.907,0.009,0.009 & 2
1 & 3 & 0.169,0.296,0.119,0.130,0.286 & 1
1 & 4 & 0.001,0.000,0.000,0.000,0.998 & 4
2 & 0 & 0.000,0.000,0.000,0.000,0.999 & 4
2 & 1 & 0.224,0.118,0.409,0.106,0.143 & 2
2 & 2 & 0.001,0.000,0.998,0.000,0.000 & 2
2 & 4 & 0.205,0.137,0.108,0.118,0.432 & 4
3 & 0 & 0.000,0.000,1.000,0.000,0.000 & 2
3 & 2 & 0.021,0.006,0.967,0.004,0.002 & 2
3 & 3 & 0.214,0.184,0.222,0.097,0.282 & 4
3 & 4 & 0.202,0.181,0.192,0.157,0.267 & 4
4 & 0 & 0.000,0.000,1.000,0.000,0.000 & 2
4 & 1 & 0.302,0.275,0.350,0.032,0.041 & 2
4 & 2 & 0.094,0.522,0.381,0.002,0.001 & 1
4 & 3 & 0.289,0.132,0.136,0.158,0.285 & 0
4 & 4 & 0.001,0.000,0.000,0.000,0.999 & 4
5 & 0 & 0.000,0.000,1.000,0.000,0.000 & 2
5 & 1 & 0.001,0.001,0.997,0.001,0.000 & 2
5 & 2 & 0.002,0.000,0.997,0.001,0.000 & 2
5 & 4 & 0.238,0.060,0.347,0.056,0.300 & 2
pos = 0, prev_action = 0, val = 1.22
pos = 0, prev_action = 2, val = 0.91
pos = 0, prev_action = 3, val = 0.98
pos = 0, prev_action = 4, val = 0.99
pos = 1, prev_action = 0, val = 1.25
pos = 1, prev_action = 1, val = 0.98
pos = 1, prev_action = 2, val = 0.88
pos = 1, prev_action = 3, val = 1.00
pos = 1, prev_action = 4, val = 1.05
pos = 2, prev_action = 0, val = 1.14
pos = 2, prev_action = 1, val = 0.96
pos = 2, prev_action = 2, val = 1.01
pos = 2, prev_action = 4, val = 0.97
pos = 3, prev_action = 0, val = 1.23
pos = 3, prev_action = 2, val = 0.90
pos = 3, prev_action = 3, val = 0.97
pos = 3, prev_action = 4, val = 0.98
pos = 4, prev_action = 0, val = 1.24
pos = 4, prev_action = 1, val = 0.88
pos = 4, prev_action = 2, val = 0.87
pos = 4, prev_action = 3, val = 0.98
pos = 4, prev_action = 4, val = 1.09
pos = 5, prev_action = 0, val = 1.37
pos = 5, prev_action = 1, val = 1.02
pos = 5, prev_action = 2, val = 0.94
pos = 5, prev_action = 4, val = 0.97