0 & 0 & 0.017,0.008,0.956,0.009,0.011 & 2
0 & 2 & 0.051,0.004,0.933,0.007,0.005 & 2
0 & 3 & 0.221,0.127,0.308,0.121,0.223 & 2
0 & 4 & 0.285,0.147,0.166,0.129,0.273 & 0
1 & 0 & 0.036,0.003,0.953,0.004,0.004 & 2
1 & 1 & 0.193,0.239,0.117,0.128,0.322 & 4
1 & 2 & 0.070,0.041,0.882,0.004,0.003 & 2
1 & 3 & 0.134,0.191,0.236,0.223,0.216 & 2
1 & 4 & 0.184,0.218,0.101,0.230,0.266 & 4
2 & 0 & 0.023,0.010,0.940,0.010,0.017 & 2
2 & 1 & 0.554,0.099,0.183,0.115,0.050 & 0
2 & 2 & 0.021,0.007,0.968,0.003,0.001 & 2
2 & 4 & 0.253,0.199,0.235,0.159,0.154 & 0
3 & 0 & 0.025,0.008,0.939,0.011,0.016 & 2
3 & 2 & 0.034,0.004,0.954,0.005,0.003 & 2
3 & 3 & 0.171,0.157,0.131,0.106,0.434 & 4
3 & 4 & 0.265,0.135,0.215,0.209,0.176 & 0
4 & 0 & 0.005,0.002,0.987,0.003,0.003 & 2
4 & 1 & 0.117,0.105,0.759,0.010,0.010 & 2
4 & 2 & 0.012,0.973,0.013,0.001,0.000 & 1
4 & 3 & 0.245,0.173,0.231,0.220,0.131 & 0
4 & 4 & 0.257,0.168,0.108,0.274,0.194 & 3
5 & 0 & 0.008,0.006,0.973,0.005,0.008 & 2
5 & 1 & 0.013,0.010,0.972,0.004,0.002 & 2
5 & 2 & 0.973,0.011,0.012,0.002,0.002 & 0
5 & 4 & 0.214,0.215,0.199,0.147,0.224 & 4
pos = 0, prev_action = 0, val = 0.57
pos = 0, prev_action = 2, val = 0.26
pos = 0, prev_action = 3, val = 0.37
pos = 0, prev_action = 4, val = 0.36
pos = 1, prev_action = 0, val = 0.55
pos = 1, prev_action = 1, val = 0.33
pos = 1, prev_action = 2, val = 0.23
pos = 1, prev_action = 3, val = 0.37
pos = 1, prev_action = 4, val = 0.33
pos = 2, prev_action = 0, val = 0.65
pos = 2, prev_action = 1, val = 0.30
pos = 2, prev_action = 2, val = 0.31
pos = 2, prev_action = 4, val = 0.35
pos = 3, prev_action = 0, val = 0.59
pos = 3, prev_action = 2, val = 0.26
pos = 3, prev_action = 3, val = 0.35
pos = 3, prev_action = 4, val = 0.34
pos = 4, prev_action = 0, val = 0.64
pos = 4, prev_action = 1, val = 0.21
pos = 4, prev_action = 2, val = 0.20
pos = 4, prev_action = 3, val = 0.35
pos = 4, prev_action = 4, val = 0.35
pos = 5, prev_action = 0, val = 0.69
pos = 5, prev_action = 1, val = 0.34
pos = 5, prev_action = 2, val = 0.22
pos = 5, prev_action = 4, val = 0.35