0 & 0 & 0.000,0.000,1.000,0.000,0.000 & 2
0 & 2 & 0.000,0.000,1.000,0.000,0.000 & 2
0 & 3 & 0.263,0.148,0.195,0.239,0.155 & 0
0 & 4 & 0.121,0.205,0.249,0.080,0.345 & 4
1 & 0 & 0.000,0.000,1.000,0.000,0.000 & 2
1 & 1 & 0.195,0.176,0.225,0.181,0.223 & 2
1 & 2 & 0.000,0.000,1.000,0.000,0.000 & 2
1 & 3 & 0.253,0.129,0.207,0.140,0.271 & 4
1 & 4 & 0.177,0.183,0.218,0.191,0.231 & 4
2 & 0 & 0.000,0.000,1.000,0.000,0.000 & 2
2 & 1 & 0.295,0.180,0.193,0.198,0.134 & 0
2 & 2 & 0.000,0.000,1.000,0.000,0.000 & 2
2 & 4 & 0.153,0.234,0.186,0.210,0.217 & 1
3 & 0 & 0.000,0.000,1.000,0.000,0.000 & 2
3 & 2 & 0.000,0.000,1.000,0.000,0.000 & 2
3 & 3 & 0.243,0.165,0.171,0.175,0.246 & 4
3 & 4 & 0.173,0.304,0.229,0.154,0.140 & 1
4 & 0 & 0.000,0.000,1.000,0.000,0.000 & 2
4 & 1 & 0.211,0.247,0.209,0.120,0.213 & 1
4 & 2 & 0.000,0.000,1.000,0.000,0.000 & 2
4 & 3 & 0.212,0.203,0.175,0.220,0.190 & 3
4 & 4 & 0.140,0.255,0.214,0.137,0.253 & 1
5 & 0 & 0.000,0.000,1.000,0.000,0.000 & 2
5 & 1 & 0.146,0.142,0.213,0.200,0.300 & 4
5 & 2 & 0.000,0.000,1.000,0.000,0.000 & 2
5 & 4 & 0.237,0.187,0.144,0.264,0.168 & 3
pos = 0, prev_action = 0, val = 7.67
pos = 0, prev_action = 2, val = 7.45
pos = 0, prev_action = 3, val = 7.13
pos = 0, prev_action = 4, val = 7.16
pos = 1, prev_action = 0, val = 7.95
pos = 1, prev_action = 1, val = 7.14
pos = 1, prev_action = 2, val = 7.69
pos = 1, prev_action = 3, val = 7.14
pos = 1, prev_action = 4, val = 7.14
pos = 2, prev_action = 0, val = 7.97
pos = 2, prev_action = 1, val = 7.14
pos = 2, prev_action = 2, val = 7.69
pos = 2, prev_action = 4, val = 7.14
pos = 3, prev_action = 0, val = 7.68
pos = 3, prev_action = 2, val = 7.44
pos = 3, prev_action = 3, val = 7.14
pos = 3, prev_action = 4, val = 7.14
pos = 4, prev_action = 0, val = 7.97
pos = 4, prev_action = 1, val = 7.13
pos = 4, prev_action = 2, val = 7.66
pos = 4, prev_action = 3, val = 7.14
pos = 4, prev_action = 4, val = 7.14
pos = 5, prev_action = 0, val = 7.94
pos = 5, prev_action = 1, val = 7.14
pos = 5, prev_action = 2, val = 7.64
pos = 5, prev_action = 4, val = 7.14