0 & 0 & 0.000,0.000,1.000,0.000,0.000 & 2
0 & 2 & 0.033,0.021,0.865,0.028,0.053 & 2
0 & 3 & 0.169,0.168,0.180,0.228,0.256 & 4
0 & 4 & 0.154,0.212,0.237,0.267,0.130 & 3
1 & 0 & 0.000,0.000,1.000,0.000,0.000 & 2
1 & 1 & 0.129,0.214,0.224,0.162,0.272 & 4
1 & 2 & 0.002,0.002,0.993,0.001,0.002 & 2
1 & 3 & 0.218,0.152,0.171,0.269,0.190 & 3
1 & 4 & 0.177,0.186,0.204,0.223,0.210 & 3
2 & 0 & 0.000,0.000,1.000,0.000,0.000 & 2
2 & 1 & 0.126,0.215,0.351,0.172,0.136 & 2
2 & 2 & 0.133,0.051,0.707,0.032,0.077 & 2
2 & 4 & 0.192,0.214,0.246,0.183,0.164 & 2
3 & 0 & 0.000,0.000,1.000,0.000,0.000 & 2
3 & 2 & 0.021,0.018,0.882,0.020,0.059 & 2
3 & 3 & 0.162,0.189,0.213,0.254,0.182 & 3
3 & 4 & 0.204,0.211,0.176,0.226,0.184 & 3
4 & 0 & 0.000,0.000,1.000,0.000,0.000 & 2
4 & 1 & 0.264,0.200,0.229,0.153,0.154 & 0
4 & 2 & 0.004,0.001,0.989,0.002,0.004 & 2
4 & 3 & 0.142,0.155,0.229,0.294,0.180 & 3
4 & 4 & 0.202,0.190,0.170,0.198,0.241 & 4
5 & 0 & 0.000,0.000,1.000,0.000,0.000 & 2
5 & 1 & 0.197,0.195,0.204,0.127,0.277 & 4
5 & 2 & 0.041,0.017,0.885,0.038,0.020 & 2
5 & 4 & 0.246,0.254,0.177,0.167,0.157 & 1
pos = 0, prev_action = 0, val = 0.45
pos = 0, prev_action = 2, val = 0.05
pos = 0, prev_action = 3, val = 0.19
pos = 0, prev_action = 4, val = 0.16
pos = 1, prev_action = 0, val = 0.52
pos = 1, prev_action = 1, val = 0.13
pos = 1, prev_action = 2, val = 0.08
pos = 1, prev_action = 3, val = 0.18
pos = 1, prev_action = 4, val = 0.17
pos = 2, prev_action = 0, val = 0.47
pos = 2, prev_action = 1, val = 0.18
pos = 2, prev_action = 2, val = 0.02
pos = 2, prev_action = 4, val = 0.19
pos = 3, prev_action = 0, val = 0.45
pos = 3, prev_action = 2, val = 0.05
pos = 3, prev_action = 3, val = 0.18
pos = 3, prev_action = 4, val = 0.17
pos = 4, prev_action = 0, val = 0.45
pos = 4, prev_action = 1, val = 0.09
pos = 4, prev_action = 2, val = 0.04
pos = 4, prev_action = 3, val = 0.19
pos = 4, prev_action = 4, val = 0.17
pos = 5, prev_action = 0, val = 0.46
pos = 5, prev_action = 1, val = 0.16
pos = 5, prev_action = 2, val = 0.04
pos = 5, prev_action = 4, val = 0.19