0 & 0 & 0.005,0.000,0.995,0.000,0.000 & 2
0 & 2 & 0.976,0.001,0.011,0.010,0.001 & 0
0 & 3 & 0.196,0.297,0.179,0.179,0.150 & 1
0 & 4 & 0.218,0.254,0.206,0.135,0.186 & 1
1 & 0 & 0.000,0.000,1.000,0.000,0.000 & 2
1 & 1 & 0.185,0.187,0.156,0.213,0.259 & 4
1 & 2 & 0.898,0.007,0.077,0.014,0.004 & 0
1 & 3 & 0.280,0.241,0.219,0.135,0.126 & 0
1 & 4 & 0.217,0.207,0.154,0.207,0.215 & 0
2 & 0 & 0.000,0.000,1.000,0.000,0.000 & 2
2 & 1 & 0.285,0.178,0.163,0.194,0.180 & 0
2 & 2 & 0.009,0.001,0.989,0.000,0.001 & 2
2 & 4 & 0.259,0.136,0.139,0.276,0.190 & 3
3 & 0 & 0.000,0.000,1.000,0.000,0.000 & 2
3 & 2 & 0.402,0.023,0.528,0.035,0.012 & 2
3 & 3 & 0.267,0.229,0.198,0.142,0.163 & 0
3 & 4 & 0.242,0.200,0.238,0.114,0.206 & 0
4 & 0 & 0.000,0.000,1.000,0.000,0.000 & 2
4 & 1 & 0.228,0.116,0.297,0.152,0.207 & 2
4 & 2 & 0.994,0.001,0.005,0.000,0.000 & 0
4 & 3 & 0.108,0.688,0.077,0.056,0.071 & 1
4 & 4 & 0.174,0.254,0.184,0.229,0.160 & 1
5 & 0 & 0.000,0.000,1.000,0.000,0.000 & 2
5 & 1 & 0.131,0.121,0.558,0.089,0.101 & 2
5 & 2 & 0.249,0.019,0.705,0.018,0.009 & 2
5 & 4 & 0.252,0.176,0.161,0.228,0.184 & 0
pos = 0, prev_action = 0, val = 0.28
pos = 0, prev_action = 2, val = -0.06
pos = 0, prev_action = 3, val = 0.08
pos = 0, prev_action = 4, val = 0.05
pos = 1, prev_action = 0, val = 0.33
pos = 1, prev_action = 1, val = 0.04
pos = 1, prev_action = 2, val = -0.06
pos = 1, prev_action = 3, val = 0.05
pos = 1, prev_action = 4, val = 0.06
pos = 2, prev_action = 0, val = 0.39
pos = 2, prev_action = 1, val = 0.05
pos = 2, prev_action = 2, val = 0.00
pos = 2, prev_action = 4, val = 0.07
pos = 3, prev_action = 0, val = 0.25
pos = 3, prev_action = 2, val = -0.05
pos = 3, prev_action = 3, val = 0.06
pos = 3, prev_action = 4, val = 0.05
pos = 4, prev_action = 0, val = 0.29
pos = 4, prev_action = 1, val = 0.03
pos = 4, prev_action = 2, val = -0.05
pos = 4, prev_action = 3, val = 0.11
pos = 4, prev_action = 4, val = 0.06
pos = 5, prev_action = 0, val = 0.41
pos = 5, prev_action = 1, val = 0.10
pos = 5, prev_action = 2, val = -0.04
pos = 5, prev_action = 4, val = 0.08