0 & 0 & 0.006,0.008,0.979,0.005,0.003 & 2
0 & 2 & 0.078,0.002,0.902,0.013,0.004 & 2
0 & 3 & 0.120,0.228,0.365,0.080,0.208 & 2
0 & 4 & 0.189,0.268,0.228,0.210,0.105 & 1
1 & 0 & 0.003,0.002,0.993,0.001,0.002 & 2
1 & 1 & 0.199,0.107,0.410,0.115,0.169 & 2
1 & 2 & 0.981,0.002,0.015,0.001,0.002 & 0
1 & 3 & 0.182,0.189,0.181,0.090,0.358 & 4
1 & 4 & 0.184,0.058,0.114,0.125,0.520 & 4
2 & 0 & 0.008,0.001,0.985,0.002,0.004 & 2
2 & 1 & 0.151,0.094,0.486,0.084,0.185 & 2
2 & 2 & 0.743,0.019,0.228,0.006,0.004 & 0
2 & 4 & 0.191,0.106,0.225,0.242,0.236 & 3
3 & 0 & 0.013,0.004,0.966,0.006,0.010 & 2
3 & 2 & 0.476,0.002,0.505,0.011,0.006 & 2
3 & 3 & 0.096,0.531,0.182,0.103,0.088 & 1
3 & 4 & 0.132,0.180,0.128,0.098,0.462 & 4
4 & 0 & 0.010,0.002,0.975,0.005,0.009 & 2
4 & 1 & 0.243,0.251,0.238,0.109,0.159 & 1
4 & 2 & 0.028,0.001,0.967,0.002,0.002 & 2
4 & 3 & 0.187,0.208,0.113,0.278,0.213 & 3
4 & 4 & 0.209,0.038,0.091,0.147,0.515 & 4
5 & 0 & 0.005,0.002,0.984,0.002,0.006 & 2
5 & 1 & 0.223,0.108,0.259,0.318,0.092 & 3
5 & 2 & 0.033,0.009,0.952,0.005,0.001 & 2
5 & 4 & 0.114,0.102,0.174,0.463,0.148 & 3
pos = 0, prev_action = 0, val = 0.38
pos = 0, prev_action = 2, val = 0.08
pos = 0, prev_action = 3, val = 0.17
pos = 0, prev_action = 4, val = 0.17
pos = 1, prev_action = 0, val = 0.48
pos = 1, prev_action = 1, val = 0.15
pos = 1, prev_action = 2, val = 0.03
pos = 1, prev_action = 3, val = 0.17
pos = 1, prev_action = 4, val = 0.14
pos = 2, prev_action = 0, val = 0.48
pos = 2, prev_action = 1, val = 0.16
pos = 2, prev_action = 2, val = 0.05
pos = 2, prev_action = 4, val = 0.19
pos = 3, prev_action = 0, val = 0.43
pos = 3, prev_action = 2, val = 0.04
pos = 3, prev_action = 3, val = 0.17
pos = 3, prev_action = 4, val = 0.17
pos = 4, prev_action = 0, val = 0.43
pos = 4, prev_action = 1, val = 0.14
pos = 4, prev_action = 2, val = 0.06
pos = 4, prev_action = 3, val = 0.20
pos = 4, prev_action = 4, val = 0.16
pos = 5, prev_action = 0, val = 0.46
pos = 5, prev_action = 1, val = 0.16
pos = 5, prev_action = 2, val = 0.13
pos = 5, prev_action = 4, val = 0.18